3
1
2001
-0.024981 0.0620426 -0.0489815
1173
9063
9070
9071
9822
9823
9826
9827
9062
9057
9064
9819
9828
9836
9817
9820
9824
9829
9816
9839
9850
9069
9058
9065
9838
9825
9830
9056
9840
9815
9837
9851
9846
9059
9814
9818
9831
9847
9821
9811
9812
9807
9841
9853
9854
9061
9068
9060
9808
9802
9852
9055
9051
9806
9849
9843
9801
9963
9810
9799
9842
9800
9795
9796
9067
9872
9052
9949
9855
9545
9546
9542
9543
9538
8824
9053
9805
9959
9952
8867
8872
9353
9551
9547
9541
9544
8823
8825
9871
9956
9936
9844
9176
8881
8871
8870
8862
8856
8873
9557
9347
9552
9354
9066
8821
9537
9548
8822
9953
9950
9172
9183
9182
8866
8848
8857
9153
9352
9567
9563
9558
9560
9072
8814
8815
9549
8816
8817
9798
9928
9794
9935
9790
9173
9177
9168
8876
9163
8865
9346
9569
9564
9559
9348
9073
9531
9550
9539
9804
9957
9793
9937
9791
9180
9178
9184
8879
8869
8861
8855
9149
9339
9568
9340
8832
9074
9521
8809
8810
9554
8811
8812
9054
9880
9809
9960
9958
9951
9788
9789
9179
8880
9164
9344
9350
9359
9366
9341
9378
9377
9349
8827
9078
9517
8549
9523
9529
9556
9715
8818
9803
9797
9961
9954
9923
9782
9185
9169
8864
8860
8859
9154
8849
9372
8831
9516
9075
8532
8533
8813
8523
9878
9966
9964
9968
9984
9891
9930
9792
9787
9781
8897
8874
8868
9165
9144
8843
9252
9333
8830
9376
9085
9084
9561
9524
9562
9530
9533
8819
9540
9813
9883
9948
9924
9783
9784
8896
8875
8863
9155
8854
9145
9142
9357
9334
9342
8829
8826
9092
9088
8820
8531
9522
9534
8534
9572
9700
9710
8522
8517
9942
9897
9922
9927
9786
9778
9785
8886
8703
9161
8858
8847
8693
9143
8839
9358
9365
8836
9106
8828
9371
9097
9093
9515
9086
8548
9079
9518
8528
9525
9867
9698
9704
8516
9941
9926
9916
8518
9780
9779
8901
8877
8697
9150
8853
8850
8852
8840
8845
8841
8833
8834
8835
9111
9107
9101
9098
9343
9094
9089
8543
8530
8527
9083
9571
8521
9576
9699
9711
9701
11849
9920
9702
9919
9918
9913
9912
9707
9915
9895
9933
8891
8878
9162
8698
9146
9137
8838
8851
8846
9243
9253
9355
9327
8842
9112
9108
9335
9102
9095
9382
9510
9570
9535
9697
9870
9876
9879
11850
9703
9909
9886
9903
9890
8894
8890
8883
8882
8691
8687
9127
9122
9115
9328
9099
9514
9090
8515
9693
9694
9705
9708
9908
9882
9906
9720
11848
8885
9156
8690
8692
8686
8565
9119
9321
9117
9113
9369
9109
9103
9336
9096
9374
9076
9077
8525
9575
9875
9596
8509
9709
9905
9889
8510
9938
9774
8910
9170
9166
8682
8564
9244
9251
9361
9118
8547
8542
9087
9509
9574
9686
9907
9712
9900
8511
9719
9777
11847
9768
8900
8889
8884
8685
9318
9319
9368
9110
9082
8526
8520
9869
9590
9687
9893
9714
8506
8512
8696
8921
8684
8570
8559
9367
9322
8546
9100
8539
9080
8536
9573
9582
9536
9583
8514
9874
9877
9595
9881
9885
9904
8505
9718
9773
8893
8702
8689
8679
8681
9238
9246
9245
9316
9317
9313
8554
9091
9381
9387
9081
8529
9865
8524
9866
9868
8513
9688
9899
9892
9713
8507
9731
8904
8721
8715
8887
8701
8915
9171
8680
9242
9250
9120
8558
9269
9116
9104
9105
9864
9579
9863
9668
9586
8519
9873
9675
8508
9683
9717
9725
9767
9765
8903
8909
8695
8683
9235
9133
9239
9312
9123
8563
9320
8553
9373
8541
9860
9386
9669
9580
9695
9667
9589
9691
9685
9666
9674
9689
9673
9898
8501
8503
9776
9764
8707
8920
8569
9240
9249
9257
9121
9114
9329
9858
9861
9385
9859
9862
9584
8535
9527
9662
9665
9672
9671
9606
8502
9772
8892
8720
8714
8706
8700
8694
8688
8914
9167
9227
9232
9236
9128
9263
9268
8557
9275
9857
8545
9856
9380
8538
9395
5296
9585
5289
9588
9684
9680
9677
9682
9600
8504
9716
9724
9749
9759
8888
8912
8919
8931
8932
9138
9234
8574
9248
9241
8562
9314
9126
9267
9132
9274
9379
8544
9657
9390
9396
9526
9690
5290
9664
9676
5283
8500
9775
9771
9763
8898
8908
8705
8699
8927
9196
9200
9206
8933
9217
8580
9222
9229
9230
9254
9129
9124
8552
9384
8537
9646
9679
9593
9605
8498
9721
8493
9723
8494
9729
9766
8719
8713
8711
8917
9195
9207
8925
8599
9147
9139
9218
9134
9315
9255
9125
9262
9131
9330
8540
9511
9519
9528
9642
9644
9670
9592
8735
8598
9202
9212
8573
8568
9130
9256
8561
8556
9266
9273
9337
9383
5295
9643
5288
9645
5282
5284
9722
9728
8725
8734
9201
9152
9140
9223
9259
9136
9658
9261
8551
9338
9508
9661
9506
9512
9639
9640
9587
9591
5277
9599
9617
8487
9743
9747
9762
8718
8911
8605
9157
9148
9141
9326
9324
9331
9656
8550
9663
9507
9503
9641
9598
9604
9726
8486
8488
8597
9188
8593
9194
9203
9158
8588
9654
9653
8944
8943
9224
9260
9332
9504
9655
9659
9505
9502
5306
5301
8499
9611
8497
9737
9753
8710
8604
9186
9187
9650
9213
9219
8579
8578
9652
8567
8560
8555
9500
9499
9660
9394
5294
9401
5287
5281
9597
9603
5278
8492
8481
8717
8596
9189
9191
9192
9197
9193
9208
9649
9214
9220
9225
8572
9489
9325
9651
9501
5311
9498
9388
9389
5276
9616
9727
8482
9761
8704
9198
9199
9647
9204
8938
9209
9221
9648
9490
9492
9493
9495
9496
9497
5305
5300
9602
5272
9610
9732
8480
9757
8724
8712
8733
8740
8708
8916
8592
8587
9205
9210
9211
9215
9216
9226
9491
9264
9494
9407
8485
9736
9746
8729
8709
8739
8603
8929
8586
8577
9265
9272
9280
9391
9392
9393
5286
5280
9417
5275
9601
5271
5267
9615
8491
9735
9742
8716
8746
8922
8937
8583
8566
5316
5310
5299
5292
9400
9734
8479
8476
9760
8723
8625
8626
8591
8582
8942
8950
5293
9608
5266
9609
5268
8496
8484
8477
9756
8728
8624
8732
8611
8745
8595
8928
8936
8571
5315
9271
9397
9398
9607
9622
9733
9751
8585
9278
9279
5304
5298
9399
5285
5279
5265
8490
9739
9740
9745
9755
8610
8602
8934
8935
8941
9270
5303
9405
9406
5270
5260
5261
5262
8478
8475
9741
8473
9754
8722
8576
5309
9290
5274
9621
8489
8483
8471
8632
8620
8601
8590
8581
8949
5321
5297
9403
9416
9612
9738
9744
8472
9750
8726
8731
8744
8594
8939
8940
8575
8956
9285
9402
5291
9404
5269
9613
5259
8495
9628
8609
8948
5523
8955
9276
9277
5314
5308
9411
5264
9620
5256
8444
8474
8452
8468
8631
8584
5302
5160
9415
5273
9422
9619
5253
5254
8470
8466
8467
8623
8737
8615
8608
8750
8600
8589
8945
8947
8954
5320
5313
5167
9409
5161
9627
5255
9633
8445
5250
8461
8743
5522
5307
9284
9289
9408
5151
5263
9428
9618
5258
5249
8469
8451
8459
8637
8619
8946
5521
8961
9282
9296
5172
9626
8443
8465
8460
8630
8636
8736
5529
5517
5159
9410
9414
8456
-0.0450246 -0.00992218 0.0217018
-0.044166 -0.0101188 0.0221466
-0.0449377 -0.00986584 0.0226208
-0.042668 -0.010083 0.0252228
-0.0427729 -0.00975943 0.0259425
-0.039204 -0.0100326 0.0269908
-0.0397747 -0.00997418 0.0276813
-0.0443412 -0.00985676 0.0204382
-0.0451348 -0.00979285 0.0208034
-0.0458542 -0.00946678 0.0212999
-0.044838 -0.00961212 0.0235079
-0.0405322 -0.00969203 0.0279297
-0.0389408 -0.00946613 0.0293034
-0.0446304 -0.00917936 0.0242502
-0.0434006 -0.00912847 0.0257858
-0.0412862 -0.00902063 0.0279991
-0.0387427 -0.00903477 0.0299687
-0.0460837 -0.00872624 0.0219814
-0.0362824 -0.00916987 0.0294701
-0.0378151 -0.00892325 0.0304289
-0.0408329 -0.00913806 0.0178057
-0.0465683 -0.00854852 0.0189692
-0.0465542 -0.00878596 0.0198908
-0.0338989 -0.00888292 0.0270662
-0.03932 -0.00827494 0.0300361
-0.0385622 -0.00850032 0.0305525
-0.0433923 -0.00869258 0.0172285
-0.0376611 -0.00887217 0.0211424
-0.0469325 -0.00803895 0.0204713
-0.0339549 -0.00886894 0.0256084
-0.0362361 -0.00801996 0.0316778
-0.0401064 -0.00871569 0.0171351
-0.0473113 -0.00800963 0.0185333
-0.0471428 -0.0080671 0.019508
-0.0428851 -0.00762563 0.026512
-0.0371899 -0.00775904 0.0316116
-0.0379833 -0.00836009 0.0195471
-0.0407887 -0.00728768 0.0287629
-0.0475805 -0.00734113 0.0190003
-0.04728 -0.00728515 0.0199518
-0.046381 -0.00723225 0.0216693
-0.0322728 -0.00795152 0.0253878
-0.0339506 -0.00706065 0.0326049
-0.0348709 -0.00692854 0.0327643
-0.0416007 -0.00767466 0.0134405
-0.0402609 -0.0077418 0.0149437
-0.0480426 -0.00691724 0.017212
-0.0443157 -0.00682477 0.0245713
-0.0372761 -0.00676702 0.0316888
-0.0357578 -0.00660566 0.0325648
-0.0431161 -0.00734581 0.012882
-0.0480167 -0.00663826 0.0154968
-0.0474863 -0.00662522 0.0193613
-0.032941 -0.00715778 0.0237267
-0.0301163 -0.00705117 0.0289064
-0.0392902 -0.00640199 0.0298738
-0.0372629 -0.00687534 0.0187092
-0.0480698 -0.00639601 0.0177387
-0.0456175 -0.0060457 0.0221448
-0.0293977 -0.00694479 0.0269756
-0.0412129 -0.00597265 0.0277163
-0.0370866 -0.00597567 0.031487
-0.0349459 -0.00605237 0.0328327
-0.0407285 -0.0068409 0.0119911
-0.0394406 -0.00689814 0.0150507
-0.0482042 -0.00594218 0.0161296
-0.0285967 -0.00649156 0.0268296
-0.0314532 -0.00583495 0.033382
0.0176077 -0.0104684 0.0181649
0.0173533 -0.0104333 0.0197381
0.0160749 -0.01048 0.0203054
0.0166135 -0.0103849 0.021054
0.0152996 -0.0101625 0.0218289
-0.0484584 -0.00572665 0.014223
-0.0480005 -0.00572866 0.0171093
-0.0466151 -0.00561186 0.0199206
-0.0327853 -0.00632157 0.0231672
-0.0291692 -0.00644422 0.0262004
-0.0262213 -0.0108491 -0.0329314
-0.0242765 -0.0110123 -0.0320518
0.0187565 -0.0106204 0.014164
0.01883 -0.0103999 0.0167145
0.0173848 -0.0102318 0.020694
0.0131812 -0.00991478 0.0203421
0.0158418 -0.0099053 0.0226256
-0.0484012 -0.00551647 0.0123143
-0.048462 -0.0052009 0.0146951
-0.0371953 -0.00605184 0.0181307
-0.0309849 -0.00599531 0.0245003
-0.0269773 -0.00584486 0.0296314
-0.0296652 -0.00538206 0.0335269
-0.020292 -0.0110668 -0.0344712
-0.0229293 -0.0108382 -0.0344014
-0.0235045 -0.0110216 -0.0337029
-0.0263366 -0.010489 -0.0336497
-0.027771 -0.0105009 -0.0316554
-0.0270931 -0.0103703 -0.0293148
-0.0258414 -0.0101609 -0.0277287
0.0198702 -0.010594 0.0126803
0.0138399 -0.00977102 0.0156025
0.0185089 -0.0100997 0.0182721
0.0109644 -0.00932982 0.018947
-0.041932 -0.00594671 0.00820926
-0.0429851 -0.006134 0.00827391
0.0109047 -0.00928675 0.0198676
0.0166604 -0.00961945 0.022442
-0.0481328 -0.00541374 0.0112739
-0.0292169 -0.00556346 0.0257763
-0.0284066 -0.00582035 0.0262554
-0.0177097 -0.0110516 -0.034647
-0.0208561 -0.0108514 -0.0349712
-0.022375 -0.0106237 -0.034913
-0.0278553 -0.0101787 -0.033072
-0.0275722 -0.00981156 -0.0274196
-0.0268486 -0.00975456 -0.0266477
-0.0262571 -0.00954873 -0.0260636
0.0199867 -0.0105859 0.00835086
0.0205254 -0.0105364 0.00912251
0.0205728 -0.010507 0.010879
0.0202319 -0.0103147 0.0135816
0.0195229 -0.00970112 0.0168244
-0.0425597 -0.00585662 0.00730683
-0.0480649 -0.00503501 0.00951714
-0.0484305 -0.00500197 0.0103467
0.0157981 -0.00896297 0.0239517
-0.0485642 -0.00485562 0.0119169
-0.0486239 -0.00483844 0.0129037
-0.0438574 -0.00428131 0.022378
-0.0254671 -0.00541201 0.0291793
-0.0384566 -0.00431051 0.0285964
-0.0272074 -0.00494918 0.0333795
-0.0300285 -0.00462358 0.0338521
-0.0167427 -0.0108463 -0.0351794
-0.0185283 -0.0107843 -0.0352377
-0.0154093 -0.0109806 -0.0339509
-0.0246466 -0.0101494 -0.0344868
-0.0155917 -0.0107785 -0.0323596
-0.0294064 -0.00954179 -0.0326614
0.0169485 -0.0100511 0.00638565
0.0210266 -0.0102065 0.00816901
0.0209396 -0.00997221 0.0117031
0.0203004 -0.00981356 0.0144679
0.0117042 -0.00902506 0.0156764
-0.041738 -0.00538841 0.00728639
0.00990975 -0.00852331 0.0212273
0.0146972 -0.00850192 0.0246846
0.0139557 -0.00827284 0.0249146
-0.045085 -0.00427756 0.0204617
-0.0298255 -0.00500999 0.0253962
-0.0415501 -0.0039238 0.0250269
-0.0272066 -0.0044323 0.0342839
-0.0283602 -0.00426585 0.0343885
-0.0157269 -0.0104485 -0.0354979
-0.0175834 -0.0104573 -0.0355158
-0.0193649 -0.0102682 -0.0355733
-0.0210213 -0.0101758 -0.0353949
-0.0282294 -0.00940162 -0.0334908
-0.0306031 -0.00909653 -0.0319449
-0.0309907 -0.00902477 -0.0310928
-0.0268886 -0.00870587 -0.0247237
0.0157259 -0.00967158 0.00502153
0.0213773 -0.00993838 0.00913564
0.0143494 -0.00943049 0.00861959
-0.0422673 -0.00526626 0.00518549
-0.0413084 -0.00517768 0.00814794
0.00823868 -0.00786761 0.0200333
-0.0484913 -0.00455478 0.00862332
-0.0486447 -0.00438533 0.00959823
0.0163823 -0.00850621 0.0236247
-0.0487678 -0.00424828 0.0105122
-0.0484056 -0.00417377 0.0124252
-0.0470798 -0.00381121 0.0158212
-0.0347882 -0.0044984 0.0205237
-0.0457076 -0.00380382 0.0187161
-0.0302259 -0.00442488 0.0250357
-0.0291559 -0.00447396 0.0258998
-0.0261165 -0.00478338 0.0272215
-0.0345296 -0.00377038 0.0313482
-0.0304138 -0.00388684 0.0336649
-0.0166387 -0.0100462 -0.0358521
-0.0238889 -0.00960922 -0.0348514
-0.0148943 -0.00997999 -0.0294694
0.0170169 -0.00962342 0.00427293
0.0211149 -0.00976978 0.00540497
0.0214867 -0.00980748 0.00636954
0.0216588 -0.00968909 0.00743237
0.0134136 -0.00882237 0.00818123
0.0214481 -0.00950825 0.00998311
0.0208249 -0.0091263 0.0130211
0.0120574 -0.00845171 0.0125668
-0.0432453 -0.00489264 0.00283047
-0.0416817 -0.00484918 0.0047178
0.00984722 -0.00808886 0.0175175
-0.0483665 -0.00421597 0.00609021
0.00745918 -0.00738691 0.0212571
0.00760212 -0.00739542 0.0224321
0.0146367 -0.00779265 0.0252851
0.0139628 -0.00775381 0.0257366
-0.0476645 -0.00383018 0.0142086
-0.0446052 -0.00336918 0.0204669
-0.0436945 -0.00356985 0.0219002
-0.0296883 -0.0042819 0.0257123
-0.028012 -0.00423515 0.0264857
-0.0215574 -0.00455425 0.0301762
-0.0326182 -0.00326833 0.0323049
-0.0149066 -0.00988722 -0.0359871
-0.0131722 -0.00944792 -0.0297852
-0.0306894 -0.00831358 -0.032477
-0.0312864 -0.00847929 -0.0317737
-0.0324132 -0.00815075 -0.0308417
-0.0205222 -0.00888349 -0.0270603
-0.0305271 -0.00753164 -0.0227473
0.0216958 -0.00935282 0.00839491
-0.0424802 -0.00478429 0.00227678
0.0111342 -0.00797729 0.0143056
-0.0415251 -0.0046484 0.00559419
-0.048933 -0.00370105 0.00895797
-0.0487646 -0.00355264 0.00994459
-0.0478007 -0.00341064 0.0134881
-0.0458372 -0.00315846 0.0181252
-0.029752 -0.00373044 0.0253281
-0.0293164 -0.00396582 0.025827
-0.0294057 -0.00389017 0.025931
-0.0287683 -0.00382845 0.0263526
-0.0282628 -0.00395728 0.0267915
-0.0242265 -0.00423158 0.028343
-0.0218487 -0.00424195 0.0294511
-0.040362 -0.00285337 0.0260777
-0.037403 -0.00306599 0.0288904
-0.0350203 -0.0029471 0.0308547
-0.0157676 -0.00947948 -0.0360399
-0.0283309 -0.00844376 -0.0336132
-0.0298637 -0.00812217 -0.0329321
-0.0139049 -0.00908823 -0.028061
-0.0286658 -0.00765612 -0.0229091
-0.0321369 -0.0070576 -0.0225539
0.0149077 -0.00895589 0.00282401
0.0138347 -0.00863545 0.00294758
-0.0426676 -0.00453852 0.000241659
0.0205809 -0.00820637 0.0143348
-0.0418203 -0.00442349 0.00186094
-0.0417955 -0.00436207 0.00282844
0.019065 -0.0077359 0.0184528
0.00687841 -0.00677924 0.0211111
0.0165544 -0.00731634 0.0231496
0.00547616 -0.00645154 0.0232177
0.00534497 -0.00637039 0.0240766
-0.0476161 -0.00295196 0.0140553
0.0111961 -0.00654384 0.0272186
-0.04713 -0.00280596 0.0155213
-0.029268 -0.00344466 0.0255786
-0.0208897 -0.0038735 0.0292575
-0.0191233 -0.00397622 0.0298028
-0.0290964 -0.00300003 0.034231
-0.0264711 -0.0028727 0.0353088
-0.0141404 -0.00936992 -0.0361275
-0.0257619 -0.00818464 -0.0345059
-0.0312899 -0.00761712 -0.0320714
-0.0173058 -0.00846126 -0.027269
-0.0340081 -0.00716493 -0.0288021
-0.0240558 -0.0077048 -0.0251218
-0.0300388 -0.00673935 -0.0212947
0.0218541 -0.00878653 0.00377667
0.0129259 -0.00803693 0.00496849
0.0126069 -0.00802207 0.00829482
-0.0420403 -0.00432488 -0.00228625
-0.0430245 -0.00430881 -0.00217756
-0.0420844 -0.00439789 -0.000596461
-0.0416964 -0.00423581 0.000144481
-0.0475566 -0.00361768 0.00100286
-0.0492749 -0.00318855 0.00725139
0.00726577 -0.00659041 0.0204234
0.00474202 -0.00586813 0.0234817
-0.0481235 -0.00254963 0.0132487
0.0139352 -0.00637001 0.0262477
0.00405536 -0.00573181 0.0260511
0.010834 -0.00614224 0.0277
-0.0461832 -0.00258483 0.0177111
-0.044654 -0.00240771 0.0208163
-0.020052 -0.00363767 0.0292689
-0.0215181 -0.00332175 0.0292749
-0.0142619 -0.00367187 0.0320445
-0.016516 -0.00358871 0.0332103
-0.0376311 -0.00213904 0.0292148
-0.0305875 -0.00242685 0.0337662
-0.0234652 -0.00264717 0.0362128
-0.019036 -0.00857631 -0.0359319
-0.0297876 -0.00733192 -0.0328224
-0.0149595 -0.008244 -0.0273661
-0.033794 -0.00681131 -0.0295908
-0.0345901 -0.00679975 -0.0271941
-0.0353263 -0.00645823 -0.0271173
-0.0260935 -0.00704953 -0.0237976
-0.0356778 -0.00580743 -0.0193917
0.0221905 -0.00862725 0.00473927
0.0222796 -0.00839516 0.0055067
-0.0412196 -0.00438768 -0.0067124
-0.0409709 -0.00428715 -0.00571485
-0.0425939 -0.00424866 -0.00514926
0.0217474 -0.00796558 0.00958632
-0.0413415 -0.00414684 -0.00292246
-0.0416109 -0.00416515 -0.00137701
0.0112816 -0.00701323 0.0114209
-0.0413529 -0.00384756 0.000786421
-0.0485009 -0.00340523 0.00169419
-0.0414885 -0.00362559 0.00335147
0.00863781 -0.00647117 0.0179403
-0.0488159 -0.00267204 0.010511
0.00586422 -0.00598436 0.0219544
-0.0386916 -0.00305438 0.0139724
0.0036106 -0.00561255 0.0251242
0.0072672 -0.00565953 0.0276217
-0.0457236 -0.00212439 0.019428
-0.0192173 -0.00341914 0.029527
-0.0170189 -0.00324643 0.0301798
-0.0141373 -0.00365786 0.0311779
-0.0406662 -0.00194096 0.0265459
-0.0355058 -0.00204641 0.0310647
-0.0280439 -0.00206561 0.0353047
-0.0117889 -0.00875013 -0.0355959
-0.0270686 -0.00742858 -0.0339379
-0.03185 -0.00700765 -0.0314809
-0.0216946 -0.00718514 -0.025703
-0.0350962 -0.00623088 -0.0276719
-0.0325251 -0.00586333 -0.0191871
-0.0333823 -0.00554602 -0.0180034
-0.0358359 -0.00553497 -0.0169121
-0.0355942 -0.00519406 -0.0158937
-0.0376762 -0.00501814 -0.0136952
-0.0411037 -0.00447101 -0.0109802
-0.0400007 -0.00464004 -0.0106457
-0.0405207 -0.00450148 -0.00868506
-0.0401156 -0.00438693 -0.00802701
-0.0404202 -0.00401782 -0.00632105
-0.0406744 -0.00408745 -0.0049616
-0.0408331 -0.00385648 -0.00427143
0.0119694 -0.00718776 0.00848554
-0.041271 -0.00382679 -0.0020991
-0.041439 -0.00379763 -0.000580804
-0.0494704 -0.00287391 0.00199293
-0.0498934 -0.0025437 0.00384979
-0.049727 -0.0023296 0.00747008
-0.0393582 -0.00260308 0.0120354
0.0155335 -0.00624191 0.0239107
-0.0478293 -0.00197925 0.0153282
0.0113992 -0.00547879 0.0277226
-8.11908E-05 -0.00446506 0.0273628
0.00770468 -0.00494971 0.0292556
-6.3191E-05 -0.00457445 0.0284833
-0.0066018 -0.00384653 0.0285271
-0.00690075 -0.0038144 0.0285897
-0.0039033 -0.00396346 0.0297485
-0.0113755 -0.00354338 0.0293422
-0.0116668 -0.00352037 0.0293818
-0.0127252 -0.00338112 0.0298022
-0.0129963 -0.00336957 0.0301057
-0.00921189 -0.00357132 0.0310619
-0.0135235 -0.00341473 0.0304858
-0.0199827 -0.00304824 0.029641
-0.00920007 -0.00352249 0.0320553
-0.016777 -0.00804684 -0.0361016
-0.0219984 -0.007721 -0.0354093
-0.0152916 -0.00730185 -0.0268693
-0.0338665 -0.00606196 -0.0294609
-0.0238683 -0.00675714 -0.0247105
-0.0282569 -0.00608363 -0.0220327
-0.0372948 -0.00548966 -0.022542
-0.0327721 -0.00530003 -0.0184609
-0.0372016 -0.00451439 -0.0130561
0.0144256 -0.00757606 -0.00122628
0.0133993 -0.00763134 -0.000735144
0.0209153 -0.00809509 0.00126975
0.0124293 -0.0073233 -5.52448E-05
-0.0393313 -0.00423889 -0.00980781
-0.0396391 -0.00409733 -0.008768
-0.0397149 -0.00388748 -0.00774856
0.0122607 -0.00719252 0.00496473
-0.0403509 -0.00370222 -0.00550098
-0.0408436 -0.00355519 -0.00271733
0.0201406 -0.00698218 0.0154049
0.0102079 -0.00601161 0.0136038
0.0176652 -0.00630389 0.0203852
0.00489077 -0.00497545 0.022791
0.00335296 -0.00490648 0.0243571
-0.0367671 -0.00230301 0.0169182
-0.0356267 -0.00218329 0.0186264
-0.0321729 -0.00227452 0.0224265
-0.00659429 -0.00383684 0.0285314
-0.00568645 -0.0037417 0.0298925
-0.0127749 -0.00317749 0.0300345
-0.0238464 -0.0022247 0.0285341
-0.0178005 -0.00275397 0.0300948
-0.0207794 -0.00257507 0.0296212
-0.0118826 -0.00804819 -0.0360563
-0.0128287 -0.00787702 -0.0361472
-0.0245967 -0.00686754 -0.0344313
-0.027498 -0.0067883 -0.0334666
-0.0347476 -0.00583423 -0.0282423
-0.0382276 -0.00509928 -0.0231283
-0.0330414 -0.00481978 -0.0177152
-0.034783 -0.0045114 -0.0158328
-0.0385749 -0.00378515 -0.0102345
0.0121631 -0.00700845 0.00104758
-0.0403415 -0.00335464 -0.00468079
0.0116101 -0.00651074 0.00778997
-0.0409291 -0.00299959 -0.00224886
-0.0478432 -0.000840279 0.0180549
-0.00420563 -0.00354744 0.0289869
-0.00515 -0.00344941 0.0291607
0.00160292 -0.0036348 0.0315834
-0.00869057 -0.00314896 0.0302386
-0.0118441 -0.00288385 0.0301929
-0.0253167 -0.00199691 0.0276334
-0.0146182 -0.00251054 0.0304189
-0.006452 -0.00275765 0.0343106
-0.0153773 -0.00177461 0.0380745
-0.0169635 -0.00721588 -0.0358916
-0.0174404 -0.00670423 -0.0263953
-0.0340572 -0.00545931 -0.0287811
-0.0367633 -0.00506361 -0.0263354
-0.0378042 -0.00485203 -0.0249069
-0.0406439 -0.00429521 -0.0192489
-0.0364282 -0.0040093 -0.0135544
0.0119021 -0.00682462 -0.00237059
-0.0379439 -0.00381676 -0.0109308
-0.0390037 -0.00335651 -0.00920579
0.0221231 -0.00696182 0.00500733
-0.039569 -0.00321195 -0.0073662
-0.0400659 -0.00322682 -0.00607343
0.011761 -0.00619858 0.00507922
-0.0406086 -0.0029892 -0.00393078
0.0204892 -0.0063002 0.0130147
-0.0408138 -0.00221948 0.00651725
-0.0404299 -0.00209367 0.00822515
-0.050058 -0.000871697 0.0121943
0.0103197 -0.00436811 0.0280866
-0.0343799 -0.00160729 0.0197449
0.00775616 -0.00405504 0.0297863
-0.0470699 -0.000336546 0.0204225
-0.00794109 -0.00263893 0.0297175
-0.0125541 -0.00218352 0.0303908
-0.0203498 -0.00179553 0.0296611
-0.0432653 -0.000458916 0.0257002
-0.0178778 -0.00140352 0.0385394
-0.0288557 -0.000597887 0.0364316
-0.00802014 -0.00689637 -0.0273975
-0.00871523 -0.00674667 -0.0266689
-0.00945546 -0.00679619 -0.0265855
-0.0398084 -0.00412715 -0.0226416
-0.0417306 -0.00374147 -0.0194267
0.0122862 -0.00666869 -0.00502587
0.0204742 -0.00723024 -0.000944826
0.0213052 -0.0071869 -0.000306816
-0.03751 -0.00352877 -0.0116984
-0.0486362 -0.00232149 -0.00767415
-0.0504261 -0.00175467 -0.00402197
-0.0410269 -0.00219579 -0.000184056
0.0105293 -0.0052443 0.0108732
0.0129428 -0.00440255 0.0251331
-0.00395845 -0.00270676 0.0285358
-0.00866983 -0.00225443 0.0299736
0.00291748 -0.00305035 0.0326695
-0.0144233 -0.00182444 0.0304916
-0.0400334 0.000104363 0.0297539
-0.00885318 -0.00154981 0.0377875
-0.0344111 0.000181488 0.034191
-0.0145838 -0.000956825 0.0392146
-0.0252331 -0.000392124 0.0379437
-0.00967974 -0.00711128 -0.0350976
-0.0138718 -0.00682628 -0.0357593
-0.0202107 -0.00631694 -0.0349842
-0.0376137 -0.00409276 -0.0252183
0.0113864 -0.00637136 -0.00539623
0.0114646 -0.00621034 -0.00283211
0.0218754 -0.00674957 0.00163617
-0.0391667 -0.00251796 -0.00837304
-0.0393751 -0.00108134 0.0101201
-0.0511299 -0.000174426 0.0105261
-0.0501261 -7.3572E-05 0.0141484
-0.0355356 -0.000782018 0.0175112
0.00721453 -0.0032786 0.030387
-0.0071672 -0.00202454 0.029583
-0.0166541 -0.00124798 0.0302147
-0.000149627 -0.00219663 0.0349166
-0.0422184 0.000564254 0.0280422
-0.0385116 0.00059877 0.0315624
-0.0285701 -0.00484974 -0.0314239
-0.00818623 -0.00627008 -0.026471
-0.0346498 -0.004096 -0.0276428
-0.0421243 -0.0031847 -0.0203443
-0.0465631 -0.00235607 -0.0145513
0.0215194 -0.00651825 -0.000391582
0.0116627 -0.00591293 -0.00144059
-0.0498986 -0.0015285 -0.00806823
-0.0401517 -0.00211476 -0.00516604
-0.0516803 -0.000742992 -0.00118261
-0.0406525 -0.00119677 0.00445891
-0.0520924 -0.00027717 0.0036083
0.0150055 -0.00415521 0.0219942
0.0132516 -0.00390419 0.0243801
0.00433217 -0.00331577 0.0230668
0.0103959 -0.00317852 0.0275652
-0.0495064 0.000630977 0.0171036
-0.0306138 -0.000389993 0.0227195
-0.0281446 -0.000499648 0.0249149
0.00456757 -0.00260584 0.0325569
-0.0254675 -0.000544206 0.0267452
-0.0239328 -0.000594808 0.0276476
-0.0120008 -0.00136299 0.0303324
-0.0454271 0.000656804 0.0242557
-0.00719288 -0.00100919 0.0384746
-0.0299785 0.000746724 0.037021
-0.00993918 -0.00648867 -0.0352777
-0.0271164 -0.00480423 -0.0320167
-0.0328294 -0.00420045 -0.0288479
-0.0377571 -0.00330072 -0.0253131
-0.0411734 -0.00304687 -0.0219984
0.0105391 -0.00579108 -0.00882121
0.0105695 -0.0057082 -0.00847202
0.0110223 -0.00595115 -0.00823397
0.0106758 -0.00595569 -0.00792981
0.0108128 -0.00584516 -0.00568256
0.0109855 -0.00559765 -0.00493716
-0.049231 -0.0014884 -0.0106832
-0.0405472 -0.0011525 -0.00116656
0.0192936 -0.00475062 0.0133696
0.0175624 -0.00442078 0.0175038
-0.0396319 -0.000498711 0.00767006
-0.0523339 0.000366296 0.00581231
-0.0383199 -0.000506544 0.0116217
-0.0510779 0.000565403 0.01267
-0.0357892 -8.81472E-05 0.016062
-0.0331338 -0.000194259 0.0198419
-0.0486799 0.000999101 0.0193597
-0.00888769 -0.00136517 0.0299103
-0.0140349 -0.00066021 0.0301892
-0.0178056 -0.000512455 0.0296511
-9.92674E-05 -0.00140798 0.0362143
-0.0398098 0.00129933 0.0310161
-0.00993513 -0.000278613 0.0396166
-0.00680991 -0.00616969 -0.0332032
-0.0175401 -0.0052519 -0.0345246
-0.02018 -0.00501099 -0.0340127
-0.0235356 -0.00496166 -0.0332687
-0.0277437 -0.00429383 -0.0315605
-0.00497872 -0.00556023 -0.0260253
-0.0082729 -0.00541466 -0.0260185
-0.0410877 -0.00257494 -0.0228583
0.0187763 -0.00589508 -0.00548692
0.019506 -0.00598246 -0.00455857
-0.0354962 -0.0025446 -0.0145115
-0.0468224 -0.00175563 -0.0158826
0.021336 -0.00590784 -0.00107551
-0.0376756 -0.001913 -0.0111538
-0.0398254 -0.00145907 -0.00544374
-0.0400359 -0.00105668 -0.00376255
-0.0401276 -0.000487767 0.00486015
0.0170648 -0.0037173 0.0182118
-0.0391536 -0.000116195 0.00819999
-0.0380724 -4.61457E-05 0.010976
0.013228 -0.00291795 0.0244956
-0.0507948 0.00130995 0.014899
-0.0306279 6.34339E-05 0.0220964
-0.0277004 0.000113983 0.0245242
-0.0473103 0.00158434 0.0224126
-0.0116831 -0.000577262 0.0300279
-0.00398108 -0.000567493 0.0383152
-0.00717148 -0.000456009 0.0390924
-0.0289438 0.00148444 0.0379188
-0.0217252 0.00101834 0.0398715
-0.0061689 -0.00583598 -0.0325861
-0.00399573 -0.00543736 -0.0263855
-0.029203 -0.00376009 -0.0308506
-0.0349931 -0.00308532 -0.0277889
0.0101242 -0.00530335 -0.0115209
-0.0304757 -0.00301109 -0.0197288
0.00997315 -0.00505815 -0.00902495
0.0102286 -0.00517002 -0.00821564
-0.0339041 -0.00219285 -0.0164132
-0.0453501 -0.00176301 -0.0185062
0.0113325 -0.00472314 -0.00330176
-0.049789 -0.000578516 -0.0116597
0.0202051 -0.0044572 0.00838988
-0.0516766 -0.000190034 -0.00549679
-0.04008 -0.000537288 -0.00131065
0.0184149 -0.00384603 0.0148651
-0.0371954 0.00021323 0.0106978
0.0148614 -0.00316357 0.0220728
0.0033399 -0.00188524 0.0236737
-0.0348591 0.000220632 0.0162506
0.0104319 -0.00232084 0.0281461
-0.000245827 -0.00145308 0.0264354
-0.00344308 -0.00101683 0.0280396
-0.027554 0.000350826 0.0238176
-0.0233836 0.000326627 0.0264685
-0.00904159 -0.000580398 0.0296998
-0.0190589 2.82151E-05 0.028853
-0.0170749 -9.28006E-05 0.0294436
-0.0438078 0.00185282 0.0273937
-0.0388166 0.00190547 0.0322858
-0.0341882 0.00189663 0.0355044
-0.0248988 0.0015626 0.0393841
-0.0238104 -0.00399697 -0.0329075
-0.00531523 -0.00487937 -0.0253071
-0.0433123 -0.00177333 -0.0215351
0.00980525 -0.00491105 -0.00998479
0.0194735 -0.00540139 -0.0053779
0.019941 -0.00517274 -0.00450108
-0.0367187 -0.00126323 -0.0121688
-0.0386423 -0.000990274 -0.00839568
0.0113957 -0.00393746 0.00218058
-0.0392355 -0.000718894 -0.00575159
-0.0395137 -0.000385358 -0.00372946
0.0193558 -0.00392419 0.0119579
-0.0399009 -0.000269792 0.000112985
-0.0386925 0.000138261 0.00458548
0.0177314 -0.00325039 0.0165913
-0.0529075 0.00101316 0.00384279
0.00658514 -0.00224646 0.0192507
-0.0333451 0.000369407 0.014026
-0.0235605 0.00047298 0.0255646
-0.0190962 0.000454977 0.0273006
-0.0131538 0.000245883 0.0291237
0.00383031 -0.000961382 0.0347905
-0.0410859 0.00232726 0.0305069
-0.0310206 0.00197188 0.0372516
-0.0102989 -0.00480118 -0.0340408
-0.0153723 -0.00448768 -0.0342173
-0.0171657 -0.00422237 -0.0341372
-0.022192 -0.00380614 -0.0333323
-0.0259325 -0.00363951 -0.0323056
-0.0278377 -0.00327324 -0.0317262
-0.029845 -0.00313372 -0.0309028
-0.00284529 -0.00485658 -0.0248195
-0.0105963 -0.0041151 -0.0259374
0.00874888 -0.00468522 -0.0142583
0.00822059 -0.00454119 -0.013548
0.0087442 -0.00477504 -0.0126156
-0.0319287 -0.00176595 -0.0180908
0.0202454 -0.00478326 -0.00363987
0.0206094 -0.00468064 -0.000781567
-0.0491045 -0.000121935 -0.0143776
0.0205589 -0.00437424 0.00359998
-0.0386765 -0.000326873 -0.00630356
-0.0514053 0.000335508 -0.00855127
-0.0388066 -0.000141802 -0.00398807
0.0199171 -0.00382126 0.00925037
-0.052995 0.0011322 -0.000526162
0.0170848 -0.00272819 0.0187678
-0.0530512 0.00169477 0.00612576
0.0156121 -0.00242637 0.0217548
-0.0522669 0.00191438 0.0110098
0.0135667 -0.00197338 0.0251878
-0.00074599 -0.000682506 0.0264383
-0.00326846 -0.000360894 0.0276576
-0.00971202 0.00024554 0.028855
-0.00917222 1.63032E-05 0.0292678
0.00684185 -0.000680625 0.0331687
-0.046785 0.00274304 0.0241475
0.0017179 4.63352E-05 0.0367757
-0.00868574 0.000842176 0.0402343
-0.0152828 0.00140457 0.0408556
-0.0226928 0.00223632 0.0402695
-0.013018 -0.00444901 -0.0341095
-0.00106602 -0.00468035 -0.025415
-0.00226842 -0.00441712 -0.0242924
0.00957804 -0.00450172 -0.0158721
0.00868586 -0.00456615 -0.0151467
-0.0281511 -0.00210965 -0.021049
0.0081158 -0.00434987 -0.0131707
-0.0432019 -0.000895562 -0.0230292
0.018772 -0.00482758 -0.00811343
0.00966791 -0.00411143 -0.00953613
-0.0466887 -0.000510152 -0.0184684
0.0107393 -0.00389638 -0.00524049
-0.0367901 -0.000733769 -0.0114721
0.0205123 -0.00405688 0.000764217
-0.0375971 -0.000343167 -0.00913962
0.0205102 -0.00378995 0.00448366
0.0202031 -0.0033975 0.00825137
-0.0526167 0.00122685 -0.00509443
-0.0350603 0.000210081 -0.00105926
0.0185526 -0.00282632 0.0152895
0.0178725 -0.00265897 0.0171849
0.0045597 -0.00131005 0.0219372
0.00155207 -0.000809583 0.0248778
-0.0511816 0.00253448 0.0154054
-0.0152369 0.000698604 0.0247768
-0.00448674 0.000105619 0.027622
-0.0497117 0.002919 0.0191436
-0.0450135 0.00325273 0.0267654
-0.0351455 0.00295949 0.035373
-0.0324141 0.00289766 0.0369285
-0.026279 0.00262155 0.0394298
-0.00600392 -0.00453404 -0.0330701
-0.00216983 -0.00445911 -0.0298182
-0.0216417 -0.00319738 -0.0337053
-0.0253436 -0.00303552 -0.0328456
0.000805393 -0.00434328 -0.0232522
-0.000964735 -0.0039974 -0.0231208
-4.75938E-05 -0.00396856 -0.0227997
0.000878393 -0.00408195 -0.0223302
0.0051819 -0.00409226 -0.0190131
0.00648869 -0.00418227 -0.0167568
-0.0408355 -0.00120705 -0.0252053
0.00794901 -0.0040928 -0.0143901
0.0078963 -0.00392484 -0.01367
0.00813539 -0.00398986 -0.0130826
0.0183954 -0.0043596 -0.00944141
-0.0319132 -0.0010299 -0.0175798
-0.0339547 -0.000980245 -0.0155964
-0.0507408 0.000657124 -0.0114714
0.0196321 -0.00293519 0.0119173
-0.053531 0.00235805 0.00308817
0.00113899 -0.000229959 0.0246882
-0.00131639 -7.15401E-05 0.0262119
0.00888619 -0.000358151 0.031963
0.00468725 0.000234701 0.0353572
-0.0431431 0.00363287 0.0290131
-0.00087743 0.000810787 0.0383132
-0.0395323 0.00329608 0.032325
-0.00601722 0.00129118 0.0400231
-0.0376323 0.00356802 0.0338824
-0.0112261 0.00176661 0.0409644
-0.0302008 0.00331852 0.0381387
-0.0106533 -0.00380611 -0.0339483
-0.0154266 -0.00349635 -0.034295
-0.0174814 -0.00319684 -0.034373
0.0036747 -0.00399976 -0.0225419
-0.00239283 -0.00349025 -0.023726
0.00128721 -0.00366824 -0.0216444
0.00542464 -0.00410955 -0.020019
-0.038027 -0.00107984 -0.0280028
-0.021785 -0.00204272 -0.02413
-0.0240238 -0.00175091 -0.0232773
0.00642324 -0.00366173 -0.0161302
-0.0289355 -0.00111092 -0.0199619
0.00900354 -0.00347891 -0.0110656
0.0189611 -0.00423429 -0.00858177
-0.0339872 -0.000556755 -0.0148206
0.0201787 -0.0038414 -0.0033392
-0.0354503 -0.000184104 -0.0114023
0.0108984 -0.00257887 0.000468082
-0.0531261 0.00184595 -0.0033238
0.00864065 -0.0013496 0.0138582
0.00769678 -0.00126581 0.0164288
0.00573033 -0.000704327 0.0192458
0.00446422 -0.000537585 0.0214188
0.00146655 5.35283E-05 0.0238867
-0.00883735 0.000671306 0.025134
0.011154 -0.000195133 0.0301863
-0.00338654 -0.00401943 -0.032222
-0.0344537 -0.00129963 -0.0303723
0.0007141 -0.00344157 -0.021776
0.00434937 -0.00350121 -0.0186746
-0.0448155 0.000137004 -0.0222094
-0.0462118 0.000536065 -0.0205899
-0.0317785 -0.000502882 -0.0168559
0.0196462 -0.00353347 -0.00594808
-0.048103 0.000771699 -0.0176541
-0.0499071 0.00108053 -0.0143438
0.0206643 -0.00329942 0.000391749
0.0208995 -0.00297936 0.00399974
0.0103984 -0.00187297 0.00471437
0.0206607 -0.00254292 0.00875568
-0.0536206 0.00295613 0.00521898
0.00423035 -3.27366E-05 0.0208368
-0.0528566 0.00346687 0.0107944
-0.000342008 0.00038008 0.0235931
-0.0516308 0.00365281 0.0150902
-0.048129 0.00395927 0.0225943
-0.00358146 0.00208997 0.0398063
-0.00885732 0.00261199 0.0410543
-0.00604859 -0.00324489 -0.0333305
-0.0016766 -0.00349814 -0.0316824
-0.000752084 -0.00313689 -0.0227029
-0.0187385 -0.00186789 -0.0249077
-0.0232517 -0.00108896 -0.0231905
0.00758747 -0.00306282 -0.0140789
0.0190026 -0.00348198 -0.00896999
-0.0294671 -0.000459733 -0.0184881
-0.028023 -1.23564E-05 -0.0144775
0.0205301 -0.00292944 -0.00355077
-0.0514807 0.00193688 -0.0112138
0.0104482 -0.00171137 0.00191586
0.00992833 -0.00134898 0.00692683
-0.0104931 -1.36227E-05 0.00328987
0.00890181 -0.00108152 0.0114707
0.00781328 -0.000630814 0.0149505
0.00634943 -0.000306521 0.0175595
0.00394735 0.000174015 0.0201335
0.0165493 -0.000419663 0.0236971
0.0137036 -7.62191E-05 0.0277187
-0.0499443 0.00432253 0.0194025
0.00842644 0.000848587 0.0333425
0.00237096 0.00149728 0.0373457
-0.034974 0.00446157 0.0358602
-0.0145561 0.00335299 0.0415868
-0.0171109 0.00356785 0.0415127
-0.026776 0.00393903 0.0396206
-0.0103906 -0.00294188 -0.0343925
0.00139449 -0.00331921 -0.0293108
-0.0302369 -0.00118786 -0.0328283
-0.0152783 -0.00163992 -0.0251744
-0.022013 -0.00118745 -0.0236127
-0.0258678 -0.000594235 -0.0211178
0.00923478 -0.00225125 -0.00907252
0.00991688 -0.00187722 -0.00522841
0.0102535 -0.00155637 -0.000671415
-0.0108996 -4.02302E-05 0.000362364
-0.0529651 0.00273028 -0.00643719
-0.00715638 1.91637E-06 0.00391762
0.00838274 -0.00041879 0.0112005
0.00619636 -4.01248E-06 0.014609
0.00178688 0.00044396 0.0184921
0.0109845 0.00100667 0.0314223
0.00696824 0.00153235 0.0347661
-0.000865114 0.00229329 0.0390274
-0.0383625 0.00498859 0.0336019
-0.0321426 0.00454162 0.0374532
-0.032287 -0.000491635 -0.0324366
-0.0117204 -0.00159963 -0.0250802
-0.0370027 0.000121491 -0.0299629
-0.0158746 -0.00112136 -0.0247674
0.00143557 -0.00210972 -0.0208701
-0.0184823 -0.00109444 -0.0244534
-0.0398925 0.000403319 -0.0278228
-0.0212291 -0.000807615 -0.0235139
-0.0215071 -0.000563777 -0.0229145
0.0169452 -0.00305496 -0.0145778
0.0187194 -0.00286578 -0.0112875
0.00837918 -0.00203464 -0.0117081
0.0200698 -0.00261451 -0.00736099
0.00992779 -0.00145715 -0.0035214
0.00977928 -0.000966337 0.0020938
-0.00440295 1.45017E-05 0.000730829
-0.00244184 -3.91065E-05 0.00275377
0.00951217 -0.000908145 0.00600108
0.00834619 -0.000430625 0.00737903
-0.053448 0.00337845 -0.00472262
-0.0538634 0.00364317 -0.0012242
-0.0470566 0.00514852 0.0245096
0.00400905 0.00223552 0.0368256
-0.0444476 0.00539022 0.0279259
-0.0119721 0.00386236 0.0416332
-0.0193855 0.00426857 0.0413929
-0.0191283 -0.00152675 -0.0358018
-0.0270993 -0.000815972 -0.0345058
-0.00717312 -0.00171602 -0.0247535
-0.00928427 -0.00146265 -0.0248214
-0.0162892 -0.000717436 -0.0242666
0.0036941 -0.00195195 -0.0187659
0.00509977 -0.0019594 -0.0172615
-0.0422257 0.00106474 -0.0259936
-0.0441127 0.00137797 -0.0240948
-0.0208883 -3.70179E-06 -0.0166593
-0.0472325 0.00181914 -0.0200631
-0.0490397 0.0021558 -0.0172037
-0.0506512 0.00268133 -0.0140966
0.00955127 -0.000923222 -0.000927998
0 0 0
-0.0059341 0.000372838 0.00124455
0.0203474 -0.000405297 0.0168847
-0.0539573 0.0045421 0.00508683
0.0190005 8.48623E-05 0.020478
-0.0536472 0.004576 0.00768038
-0.0528893 0.00486962 0.0116089
0.014099 0.00111753 0.0284735
0.00991403 0.00160726 0.0327351
-0.0485957 0.00562363 0.0221345
-0.0406087 0.00563412 0.0317705
-0.0330543 0.00555462 0.0370474
-0.0102095 -0.00177972 -0.0355972
-0.0301731 -1.28032E-05 -0.0338776
-0.00435213 -0.00150455 -0.023908
-0.00880731 -0.00106385 -0.0243194
-0.011307 -0.00104911 -0.0246764
-0.000464194 -0.00164317 -0.0220237
-0.0143082 -0.000699086 -0.0241264
0.00188307 -0.00162485 -0.0202388
-0.0173529 -0.000421479 -0.023027
0.00449899 -0.00142261 -0.0174767
0.00663885 -0.00150406 -0.0146053
0.00724898 -0.00141532 -0.0132215
-0.0456344 0.00209603 -0.022606
0.00843609 -0.00141044 -0.0102339
0.0088128 -0.0011652 -0.00801614
-0.00516191 -0.000135424 -0.00787527
0.00836353 -0.000430889 -0.000835616
-0.0522924 0.00342419 -0.0100129
0.0054394 -0.000105655 0.00238397
0.0223167 -0.000999524 0.00835692
0.0213316 -0.000314325 0.0144079
-0.0514779 0.00568595 0.0161639
0.00244992 0.00314858 0.0379158
-0.00367597 0.00364519 0.0402822
-0.0306585 0.00588553 0.0382473
-0.0283923 0.00562397 0.039205
-0.0219148 -0.000636402 -0.0361
-0.00485695 -0.000883184 -0.0233852
-0.00651851 -0.000609903 -0.0231789
-0.00908628 -0.000572675 -0.0232637
-0.000256797 -0.00115492 -0.0214168
0.016711 -0.00227751 -0.0172681
0.00335856 -0.00111519 -0.0182939
0.00548806 -0.00117211 -0.0158542
-0.0115604 -0.000196337 -0.0190253
0.00709814 -0.000989354 -0.0125069
0.00823919 -0.000871835 -0.00890134
0.00761191 -0.000540905 -0.00817767
0.00863829 -0.000792142 -0.00657798
0.0084015 -0.000533395 -0.00481924
0.0072235 -0.00028393 -0.00452635
-0.0530077 0.00406936 -0.00774695
-0.0537795 0.0044722 -0.00375069
0.0124316 0.00211995 0.0307754
-0.0501196 0.00614751 0.0193019
0.00773594 0.00269866 0.034778
-0.000453905 0.0037106 0.0392531
-0.0363713 0.00633194 0.0350286
-0.0227362 0.00558538 0.0409099
-0.00676801 -0.00145913 -0.0353632
-0.0147137 -0.00102496 -0.0365198
0.000799391 -0.00192987 -0.0325566
0.00383841 -0.0019431 -0.0309035
-0.0259457 0.000109215 -0.0355964
0.00845776 -0.00185689 -0.0269891
-0.0334714 0.000810486 -0.0326998
-0.0400777 0.00166633 -0.0284307
0.000455686 -0.000672671 -0.0198478
0.00251836 -0.000665832 -0.0180654
-0.00205664 -0.000284872 -0.018339
0.00455913 -0.000765808 -0.0161111
0.00387759 -0.000474466 -0.0154135
0.00597653 -0.000820437 -0.0142768
0.00630835 -0.000700607 -0.0128705
0.0215957 -0.00127457 -0.00692971
0.00617799 -0.000307415 -0.0082555
0.0184222 0.00123616 0.0228732
-0.0384262 0.00647801 0.0335552
-0.00952771 0.00501639 0.0415724
-0.0152356 0.00564978 0.0418171
-0.00192841 -0.00131019 -0.0342479
-0.0185792 -0.000397216 -0.0368096
0.00455413 -0.00142531 -0.0311565
-0.0276753 0.000605946 -0.0353148
0.0149354 -0.00167855 -0.0211141
-0.0364246 0.00153226 -0.0312118
-0.0440357 0.00270291 -0.024863
0.0225553 -0.000748092 -0.00432468
0.0233378 -0.000338567 0.000530072
0.0232729 -0.00023154 0.005697
0.0229963 5.53222E-05 0.00916612
0.0227144 0.000583146 0.0119869
0.0219223 0.000886429 0.0151907
-0.0539718 0.00596155 0.00565254
-0.0536041 0.00611506 0.00831979
0.0176473 0.00173776 0.0245088
-0.0529316 0.00636924 0.0115514
0.0149407 0.00225343 0.0282686
-0.0510606 0.0066859 0.0170918
-0.0472801 0.00684251 0.0240786
0.0060389 0.00370195 0.0361169
-0.0423197 0.0068855 0.0300578
-0.00712983 0.00515335 0.0412243
-0.0121242 0.00568291 0.0418066
-0.0108668 -0.000404527 -0.0368376
0.00864131 -0.00120308 -0.0284003
0.0112716 -0.00118484 -0.026015
0.0164619 -0.00111178 -0.0199029
-0.0413714 0.00260309 -0.0276062
-0.0472768 0.00358526 -0.0208812
-0.0506007 0.00423552 -0.0149795
-0.0515189 0.0047001 -0.0128291
-0.0535333 0.00522653 -0.00573457
-0.0540187 0.00572547 -0.00197222
0.0206148 0.00149935 0.0191424
-0.00459894 0.00517568 0.0406983
-0.0348992 0.00739784 0.0357531
-0.0330566 0.00705934 0.0369045
-0.0252728 0.00685622 0.0401234
-0.00653001 -0.000340127 -0.036238
-0.0193069 0.000656357 -0.0373752
-0.0219976 0.00066038 -0.036933
-0.0344228 0.00213327 -0.0327437
-0.0396195 0.00278353 -0.0292525
0.0203908 -0.000540902 -0.0130422
0.0212158 -0.000569081 -0.0107438
-0.054065 0.00645688 0.00206443
0.013204 0.00336574 0.030518
-0.0496548 0.0075512 0.0197379
0.0110501 0.003907 0.032607
-0.0444448 0.00774597 0.0274741
-0.0424731 0.00776545 0.0296052
-0.0371131 0.00767739 0.0341996
-0.0282528 0.00727083 0.0390388
-0.0219944 0.00694145 0.0409248
-0.00266753 -0.000436838 -0.0351937
-0.0164546 0.000555486 -0.0375765
0.00141994 -0.000344876 -0.0336979
-0.0249451 0.00136393 -0.0365488
0.00995695 -0.000614373 -0.0279873
-0.0307497 0.0020685 -0.0346871
0.0133505 -0.000843769 -0.024338
0.0156276 -0.000529554 -0.0219213
-0.0454264 0.00412742 -0.0235706
-0.0489817 0.00459474 -0.018312
0.0236787 0.00038057 -0.00193937
0.0238313 0.00133025 0.00862698
0.0230001 0.00161182 0.0130611
0.0158102 0.00340114 0.0277365
0.00302452 0.00502299 0.0379492
-4.88172E-05 0.00549779 0.0392843
-0.0160659 0.00690109 0.0416568
-0.0367836 0.00295064 -0.0314624
0.0241684 0.000989593 0.000572088
0.0241782 0.00102559 0.00376447
-0.0533059 0.00618465 -0.00674483
-0.0537259 0.00670586 -0.00383608
0.0224129 0.00226944 0.0156004
-0.0539473 0.00724923 0.00194741
-0.0536743 0.00735045 0.00618647
-0.0510388 0.00803999 0.0161507
-0.0403655 0.00821682 0.0313681
-0.00325789 0.00616887 0.0403081
-0.00652467 0.00664309 0.0410425
-0.0132327 0.00722727 0.0416333
-0.0183722 0.00748936 0.04133
-0.0226754 0.00190929 -0.0373118
-0.0267487 0.00204686 -0.0362477
0.0121815 -0.000102544 -0.0263595
0.0138899 1.03733E-05 -0.0246158
0.0189497 8.85475E-05 -0.0172264
0.0231452 0.000643516 -0.00657637
-0.0521025 0.00615237 -0.0111585
0.0215533 0.00278501 0.0181842
0.0200646 0.00307459 0.0214136
-0.0520596 0.0081593 0.013032
-0.0495574 0.00833432 0.0192705
-0.0474983 0.00874601 0.0225268
-0.0449099 0.00881761 0.026164
-0.0355841 0.00873195 0.0347339
-0.0335148 0.00852297 0.0361203
-0.0105847 0.00724496 0.0414827
-0.0243571 0.00820832 0.0399607
-0.0204368 0.00803115 0.0408681
-0.00962275 0.00098265 -0.037491
-0.0430451 0.00448777 -0.0263903
-0.0507361 0.00606133 -0.0147261
0.0243903 0.00215363 0.00711593
-0.0530737 0.00823605 0.00839237
0.00686885 0.00591662 0.0357948
-0.0412333 0.00891282 0.0301479
-0.0391397 0.00912153 0.0318634
-0.0309414 0.00877108 0.0373133
-0.0120987 0.0016668 -0.0379868
-0.0175118 0.00192696 -0.0380667
-0.0285518 0.00315838 -0.0359097
-0.0339761 0.00355557 -0.0333766
-0.0399396 0.00460171 -0.0293081
0.0206635 0.000787068 -0.0145398
-0.047352 0.00582529 -0.021011
-0.0531452 0.0074953 -0.00612218
0.0236754 0.00290485 0.0122546
0.0179482 0.00437751 0.0252268
0.0154741 0.00490945 0.0284871
-0.00115839 0.00686942 0.0395434
-0.0123216 0.00818637 0.0412743
-0.0280912 0.00901 0.0383711
-0.0175142 0.00853216 0.0410112
-0.00719936 0.00177316 -0.0374017
0.00128349 0.00108676 -0.0344865
0.00795695 0.000948497 -0.0305547
-0.0307088 0.00358947 -0.0350915
0.0160571 0.000946558 -0.0226355
0.0181253 0.00113661 -0.0197326
-0.0441805 0.00559615 -0.0251478
0.0223709 0.0013075 -0.0108063
0.0247458 0.00243746 0.00257611
0.0242556 0.00285726 0.00944287
-0.0534678 0.00828326 -0.000999711
0.0223853 0.00380594 0.0167113
-0.0517037 0.00931161 0.0121341
0.0126404 0.00576255 0.0314001
-0.0487264 0.00955014 0.019386
-0.0429852 0.00969791 0.0275973
0.00203704 0.00686024 0.038274
-0.0260743 0.00347068 -0.0368209
0.0195757 0.00141615 -0.0174196
-0.0418991 0.0056678 -0.0275282
0.0216909 0.00177461 -0.0131797
0.0234611 0.00197165 -0.00796186
0.0244887 0.00232133 -0.00284538
-0.0491421 0.00692805 -0.0176237
-0.050883 0.0073506 -0.013684
0.0214638 0.00431266 0.0191155
-0.0499813 0.00960408 0.0165409
0.00898839 0.00648988 0.0343217
-0.0401623 0.0101813 0.0299905
-0.00462624 0.00810518 0.0401773
-0.034657 0.00986665 0.0345346
-0.00690321 0.00826964 0.0405943
-0.0207525 0.00942361 0.0401212
-0.010217 0.00243628 -0.0380547
-0.0347964 0.00481632 -0.033024
-0.0515658 0.00788509 -0.0113756
-0.0530923 0.00919171 0.0010648
0.0202382 0.00498363 0.0217415
-0.0521753 0.00964308 0.00893734
0.0185728 0.00549508 0.0244759
0.0108424 0.00668486 0.0328338
-0.0464193 0.010205 0.0224481
-0.0437871 0.0102535 0.0259571
-0.0311387 0.0101902 0.0362316
-0.0287753 0.0101305 0.0373613
-0.0244357 0.00988281 0.0390306
-0.0138687 0.0032792 -0.038467
0.0033253 0.00213773 -0.0338504
-0.0193626 0.00365858 -0.0382755
-0.0237657 0.00409883 -0.0375466
0.0110897 0.00212295 -0.0284754
-0.0280492 0.00440239 -0.0362822
-0.0327113 0.00482235 -0.0342136
0.0156795 0.00196744 -0.0236786
0.019091 0.00212022 -0.018796
0.0205133 0.00239354 -0.0163094
-0.0449287 0.00670455 -0.024031
-0.0468098 0.00729782 -0.0212303
-0.0529422 0.00892076 -0.00318126
0.0237045 0.00434091 0.0131591
-0.0527483 0.00956279 0.00476855
0.00548421 0.00770715 0.0362021
-0.0415273 0.0106977 0.0279123
0.00218838 0.0081104 0.0377592
-0.00177591 0.00846365 0.0391776
-0.0362935 0.010599 0.0327229
-0.0173758 0.00975768 0.04033
0.00694516 0.0023029 -0.0317492
-0.0398806 0.00644477 -0.0292119
-0.0490901 0.00814105 -0.0167606
0.0250152 0.00358726 0.000434771
0.0250481 0.00390976 0.00340093
0.024347 0.00457568 0.010549
-0.0509171 0.0104799 0.0112352
-0.0500954 0.0104521 0.0140972
0.0159198 0.0064093 0.0278765
0.0139652 0.00684347 0.0299412
-0.0480888 0.0106156 0.0185607
-0.0388597 0.0111282 0.0298747
-0.0315829 0.0109434 0.0351786
-0.0107696 0.00957446 0.0404519
-0.0243527 0.0106206 0.0384373
-0.00702007 0.00321805 -0.0377347
-0.0164644 0.00392382 -0.0385552
0.0175286 0.0029022 -0.0215635
-0.0364863 0.00598876 -0.0318885
0.0224118 0.00326714 -0.0124115
0.0245166 0.00352767 -0.00468417
0.0248901 0.00441396 0.0068879
-0.0519934 0.00918411 -0.00739473
0.00951861 0.00779861 0.0335015
-0.00733372 0.00962761 0.0399693
-0.0278403 0.011039 0.0367739
-0.0208051 0.010695 0.0391239
-0.0103319 0.00386018 -0.0383388
-0.00209346 0.00330852 -0.0364723
0.001313 0.00327603 -0.0350732
-0.0345086 0.00629192 -0.0330759
-0.0413165 0.00720663 -0.0276495
-0.0522435 0.00998806 -0.00250596
0.0231274 0.00570174 0.0151423
0.0217924 0.00608741 0.0184795
-0.0149816 0.0105386 0.0398482
406
11413
11585
11580
11582
7088
7016
11639
7014
6868
6986
6880
6924
11364
6725
11363
6717
6706
11369
7039
6874
6923
6827
6841
6684
6450
6444
11414
11581
11583
7015
6998
6991
7029
7030
6914
6917
6927
6837
6836
6833
6843
6446
6445
6443
11578
7090
7022
11351
7019
6873
7028
6995
11357
6915
11362
6714
11450
7046
7147
6599
6596
6595
6597
6819
6835
6697
6456
6449
6438
6442
7109
7104
7097
7091
7020
7005
6872
7023
6993
6931
7034
6918
6724
7040
6821
7045
6598
6594
6831
6826
6702
6840
6578
6497
6440
6484
6437
6343
7095
7027
7021
6866
6865
6921
6920
6716
11356
6713
6600
6603
6830
6693
6677
6499
6505
6500
7232
6496
6494
6489
6483
6477
6448
6342
6336
6332
11408
7108
7103
7096
6867
6925
6710
6605
6604
6602
6585
6704
6818
6825
6701
6834
6696
6586
6692
6690
7220
6504
7222
7228
7227
6433
7231
6482
6432
6321
6341
6320
6335
6331
7115
11584
11352
7026
11345
6992
6926
6729
7131
6532
6813
6700
6694
6695
6680
6511
6503
6560
7221
6495
6474
6493
6473
6476
6340
6324
11576
7102
6996
6932
7041
7132
6606
6552
7140
6537
6709
6533
6703
6699
6812
6829
6828
7215
6687
6686
7218
6467
6460
6466
6372
6465
6458
6314
6319
7107
11423
7101
7031
7004
6849
6723
6712
6711
6542
6608
6463
7216
6510
6502
6435
6429
6498
6371
6425
6470
6334
6329
6330
11409
6869
7003
7000
7127
6551
6614
6550
6548
6454
6461
6468
7217
6430
6681
6501
6377
6492
6348
6347
6333
6323
11353
6854
6735
6609
6558
6613
6555
6536
6541
6547
6528
6554
6824
6523
6675
6570
6383
6370
6365
6358
6469
6315
3662
6317
6328
7036
7002
6999
6734
7134
6610
6607
6546
6436
6376
6369
6364
6357
6475
6339
6338
3657
6322
11415
7116
7122
6722
6848
6847
6611
6615
6557
6556
6540
6545
6562
6674
6522
6517
6509
6566
6669
6573
6571
6506
6375
6363
6356
6351
6424
6352
6346
6308
6327
7117
7123
7126
6616
6815
6817
7141
6531
6462
6526
6521
6508
6572
6368
6422
6491
6359
6350
6419
6345
6344
3661
3656
3652
7106
11410
7105
11403
7110
7125
6740
6728
6715
6619
6617
6620
7148
6525
6673
6516
6670
6431
6507
6382
6362
6361
6479
6490
6355
6354
6353
6349
6316
11411
7119
6745
6850
7139
6621
7137
6625
6519
6520
6515
6512
6421
6486
6360
3660
3655
3651
0.00247212 0.0444925 -0.126192
-0.00183966 0.0447618 -0.126066
-0.00374445 0.0452494 -0.125736
-0.0056528 0.0453373 -0.125432
-0.0134194 0.0457043 -0.126301
-0.0142977 0.0458941 -0.126325
-0.00883312 0.045451 -0.124758
-0.0164227 0.0461417 -0.12571
-0.018356 0.046303 -0.125591
-0.026268 0.0470046 -0.125558
-0.0155311 0.0463684 -0.121681
-0.0225278 0.047014 -0.121786
0.00468074 0.0450857 -0.115954
-0.0323877 0.0476675 -0.123301
0.00475545 0.0454458 -0.11486
-0.0328102 0.0476053 -0.122379
-0.0329872 0.0476043 -0.12148
0.00335284 0.0453402 -0.113729
-0.00891933 0.046127 -0.115783
-0.0168299 0.0468346 -0.117366
-0.0213652 0.0471964 -0.116592
-0.0190823 0.0474711 -0.112343
-0.0240381 0.0478342 -0.110715
-0.0287925 0.0483793 -0.109913
-0.041131 0.0493029 -0.109433
-0.0403938 0.0494329 -0.108945
0.0018252 0.0448491 -0.126744
-0.00469364 0.0454518 -0.125951
-0.00673728 0.045566 -0.125159
-0.0150146 0.0462604 -0.126082
-0.0244075 0.0471352 -0.125077
-0.02823 0.0474419 -0.12555
-0.014726 0.0464187 -0.122291
-0.0118863 0.0464275 -0.121246
-0.0199716 0.0472534 -0.117955
-0.0206887 0.0473735 -0.117269
-0.0211595 0.0475867 -0.114565
-0.0204006 0.0476913 -0.114009
-0.0212747 0.0479219 -0.113646
-0.019779 0.0477954 -0.112432
-0.0253348 0.0483377 -0.109828
-0.0387431 0.0494006 -0.108858
-0.0396851 0.0497839 -0.108798
-0.0413203 0.0498295 -0.108619
-0.0047 0.0458086 -0.126667
-0.0127904 0.0463309 -0.126717
-0.013596 0.0464991 -0.126603
0.00468059 0.0453108 -0.121711
-0.0156793 0.0465619 -0.125618
-0.0177728 0.0467339 -0.125524
-0.0164934 0.0470659 -0.123686
-0.0291981 0.0478038 -0.125362
0.00564705 0.0457677 -0.117487
-0.0194618 0.0472625 -0.121619
0.00457126 0.0459349 -0.114183
-0.0332157 0.0483008 -0.121828
0.00296929 0.0462856 -0.113207
-0.00632968 0.0467782 -0.11466
-0.0011681 0.0466104 -0.112604
-0.0417019 0.0492418 -0.120233
-0.0408882 0.0490503 -0.119771
-0.0423365 0.0493866 -0.119504
-0.0396097 0.0490871 -0.118342
-0.0185672 0.0479521 -0.112458
-0.0216089 0.0483246 -0.112833
-0.0324035 0.0489506 -0.113593
-0.0424662 0.0502239 -0.10987
-0.0427169 0.0503332 -0.108992
-0.0406418 0.0502135 -0.108376
-0.0422296 0.0501434 -0.108364
-0.00605145 0.0463298 -0.126786
-0.00831813 0.0465675 -0.126927
-0.0101466 0.0465368 -0.126904
-0.0111496 0.0465996 -0.12685
-0.014874 0.0470048 -0.125449
-0.0199797 0.0473507 -0.125604
-0.0173419 0.0471479 -0.124919
-0.0165029 0.0470928 -0.124497
-0.0257167 0.0477161 -0.125866
-0.0230821 0.0478805 -0.124248
-0.0101645 0.0469099 -0.121398
-0.0219369 0.0477593 -0.122255
-0.0322092 0.0485087 -0.123667
-0.00752491 0.0471447 -0.117514
-0.0178397 0.0478673 -0.118532
-0.00386835 0.0471777 -0.113747
-0.0426083 0.0496891 -0.120277
-0.0429524 0.0498597 -0.11955
-0.0207976 0.0484625 -0.112994
-0.0201693 0.0485204 -0.112444
-0.0328725 0.0493326 -0.114559
-0.0248667 0.0489325 -0.109822
-0.0344638 0.0498284 -0.109068
-0.0490875 0.0509241 -0.111511
-0.0389994 0.050217 -0.108956
-0.0501504 0.0510331 -0.111122
-0.0416619 0.0504579 -0.107806
-0.0457181 0.0512339 -0.105345
-0.0120183 0.0469014 -0.126961
-0.0128206 0.0471117 -0.126656
-0.0135344 0.0472638 -0.126211
-0.0181794 0.047524 -0.125195
-0.0180088 0.0477677 -0.124398
-0.0207071 0.0479015 -0.124391
-0.0205667 0.0479152 -0.122483
-0.0327592 0.0490884 -0.123177
0.00556718 0.0465978 -0.115003
-0.0331864 0.0492115 -0.122273
-0.040046 0.049558 -0.121304
-0.0418415 0.0498051 -0.120956
-0.0214943 0.0491026 -0.112371
-0.0316588 0.0498113 -0.11175
-0.0258766 0.0494597 -0.109494
-0.0504407 0.0512728 -0.113551
-0.0496979 0.0509998 -0.113014
-0.0505972 0.0511348 -0.112683
-0.0482458 0.0510217 -0.112019
-0.0508455 0.0511418 -0.111817
-0.0517754 0.051498 -0.111663
-0.0512776 0.0513667 -0.111117
-0.050796 0.0514166 -0.110601
-0.0499921 0.0513702 -0.110309
-0.0441693 0.0510475 -0.108108
-0.0460036 0.0513392 -0.106186
-0.0509202 0.0518156 -0.103575
-0.0511272 0.0519607 -0.102836
0.00254952 0.0462154 -0.126463
-0.00467007 0.0469034 -0.127716
-0.00765546 0.0469581 -0.127552
-0.00948471 0.0472936 -0.127289
-0.0189472 0.0479889 -0.125606
-0.0223486 0.0483629 -0.124266
-0.0336478 0.0497571 -0.120693
-0.0397338 0.0500991 -0.121751
-0.0408081 0.0500021 -0.121443
-0.0429236 0.050389 -0.120683
-0.0369737 0.0501203 -0.116535
-0.0334769 0.0499366 -0.115359
-0.0197311 0.0491918 -0.112298
-0.0206869 0.0494152 -0.112216
-0.0334997 0.0501453 -0.114218
-0.0223052 0.0493071 -0.111807
-0.0328287 0.0501468 -0.112703
-0.0351293 0.050213 -0.112894
-0.0323459 0.0502955 -0.112009
-0.0340979 0.0504708 -0.111583
-0.0486941 0.0514849 -0.114056
-0.0495209 0.0512815 -0.113852
-0.0477029 0.0513294 -0.111988
-0.0475584 0.0514058 -0.111712
-0.0476685 0.0512902 -0.11127
-0.0392973 0.0509942 -0.109304
-0.0475635 0.0515456 -0.110572
-0.0515678 0.0519825 -0.110663
-0.0409188 0.0511424 -0.108018
-0.0429763 0.0514086 -0.106464
-0.0508422 0.0521032 -0.104943
-0.047754 0.0521276 -0.103232
-0.0530466 0.0525784 -0.102308
-0.0520924 0.0525206 -0.10191
-0.00369649 0.0468841 -0.127716
0.000222496 0.0466665 -0.126729
0.00443807 0.0468259 -0.123614
-0.012726 0.0477387 -0.126033
0.00537562 0.0468911 -0.121372
-0.026818 0.0487939 -0.126224
-0.021526 0.0485008 -0.124884
-0.0285597 0.0491417 -0.125989
-0.00453885 0.0479782 -0.115998
-0.0416338 0.0504179 -0.121435
-0.0185658 0.0493508 -0.115034
-0.034205 0.0504646 -0.114774
-0.0344388 0.0504813 -0.113708
-0.0332652 0.0506314 -0.112082
-0.0242304 0.0500931 -0.110096
-0.0492129 0.0518012 -0.114474
-0.0501174 0.0517923 -0.114205
-0.0369962 0.0511962 -0.110365
-0.046955 0.0518601 -0.111744
-0.0526335 0.0521441 -0.112786
-0.0469519 0.0518172 -0.110962
-0.0534764 0.0523325 -0.111971
-0.0471857 0.0519554 -0.110166
-0.0499937 0.0520117 -0.10978
-0.0539929 0.0529122 -0.103688
-0.0517825 0.0530356 -0.101373
-0.00165816 0.0473581 -0.126944
-0.00786486 0.0478147 -0.127715
-0.0259642 0.0492655 -0.126301
-0.0225651 0.048964 -0.125156
-0.00567042 0.048277 -0.119321
-0.00326433 0.0483554 -0.115247
-0.0377479 0.0505915 -0.121938
-0.0392853 0.0507525 -0.121953
-0.0012884 0.048213 -0.11361
-0.0410103 0.0508339 -0.121374
-0.0341631 0.0504389 -0.119292
-0.0438439 0.0512048 -0.120291
-0.0347811 0.0506924 -0.117714
-0.0355814 0.0506508 -0.117121
-0.0192231 0.0496946 -0.112719
-0.0217084 0.0500357 -0.111962
-0.0226944 0.0500325 -0.111382
-0.0482305 0.0520467 -0.114473
-0.0308495 0.0507714 -0.110748
-0.0316244 0.0511209 -0.110652
-0.0472072 0.0520015 -0.113249
-0.0461747 0.0521032 -0.111505
-0.0455157 0.0519784 -0.110801
-0.0463905 0.0520864 -0.110477
-0.0542047 0.0528009 -0.111761
-0.0468289 0.0522231 -0.109518
-0.0468315 0.0523058 -0.108533
-0.0463116 0.0527814 -0.103956
-0.0508344 0.0531238 -0.1014
-0.00420356 0.0477592 -0.127931
0.000142787 0.047536 -0.12678
-0.00968325 0.0481396 -0.127052
-0.00907812 0.0483462 -0.124176
-0.0217595 0.049259 -0.125598
-0.019076 0.0491372 -0.124521
-0.0296288 0.0500892 -0.125644
-0.0335478 0.0504984 -0.121212
-0.0340413 0.050612 -0.120297
-0.0402666 0.0512432 -0.12115
-0.0357784 0.0509919 -0.120038
-0.04454 0.0517618 -0.119479
-0.0488453 0.0523674 -0.114853
-0.0497247 0.0523538 -0.114706
-0.0506117 0.0525344 -0.114344
-0.0407249 0.0517515 -0.111958
-0.0411518 0.0518954 -0.111213
-0.0529116 0.0526715 -0.113075
-0.0550138 0.0531329 -0.112252
-0.0417184 0.0524112 -0.108376
-0.0489233 0.052619 -0.10911
-0.0556687 0.0540018 -0.102494
-0.0543789 0.0538268 -0.101497
-0.053391 0.0536373 -0.101224
0.00270996 0.0477416 -0.125829
-0.0210569 0.0496141 -0.126035
-0.0224255 0.0496985 -0.125667
-0.0232207 0.0496275 -0.125736
-0.00332655 0.0490554 -0.116875
-0.0388932 0.0513599 -0.121892
-0.0347491 0.0512377 -0.120413
-0.0394708 0.0515696 -0.12081
-0.0401863 0.0516549 -0.120403
-0.044938 0.0523185 -0.116192
-0.0453956 0.0525285 -0.115337
-0.0461679 0.0526463 -0.114546
-0.0464598 0.0524163 -0.113605
-0.0415331 0.0521699 -0.112069
-0.031577 0.0515771 -0.10991
-0.0532798 0.053196 -0.113446
-0.0546821 0.053256 -0.112929
-0.0541742 0.0534109 -0.111251
-0.0487273 0.0530718 -0.107866
-0.055502 0.0540748 -0.104817
-0.0552815 0.0542066 -0.101805
-0.0529802 0.0542214 -0.100889
0.00417824 0.0480101 -0.123502
-0.0201513 0.0498343 -0.125837
-0.0274634 0.0503868 -0.126399
-0.0365968 0.0516007 -0.122348
-0.0375206 0.0514618 -0.122218
-0.0339232 0.0513335 -0.121089
-0.0386563 0.0519072 -0.120482
-0.0416917 0.051925 -0.120493
-0.040894 0.0519539 -0.120056
-0.0401137 0.0519117 -0.119532
-0.0443947 0.0523332 -0.120086
-0.0384945 0.0519502 -0.118409
-0.0216019 0.051052 -0.111912
-0.0480816 0.0528172 -0.114915
-0.0306488 0.0520768 -0.109584
-0.0317058 0.0519652 -0.10918
-0.0539928 0.0536686 -0.11332
-0.0556336 0.0535893 -0.112834
-0.0558818 0.053651 -0.112054
-0.0562891 0.0539677 -0.11141
-0.0494277 0.0535004 -0.108336
-0.0461333 0.0534903 -0.10443
-0.0561253 0.054693 -0.102315
-0.0522058 0.0545723 -0.100934
-0.0546881 0.0547042 -0.101215
-0.0076135 0.0493497 -0.12579
-0.0218343 0.0503137 -0.125938
-0.0228065 0.0503734 -0.125895
-0.0265934 0.0508535 -0.126502
-0.00262345 0.0495926 -0.116642
-0.0357777 0.0517873 -0.122171
-0.0347889 0.0516711 -0.121124
-0.0408673 0.0522339 -0.119181
-0.0418394 0.0528433 -0.11456
-0.0550576 0.0539206 -0.113336
-0.0565292 0.0541649 -0.112819
-0.0568872 0.0541932 -0.112128
-0.0572289 0.0543003 -0.111321
-0.0503446 0.053966 -0.108706
-0.0570331 0.0546988 -0.104623
-0.0570426 0.0548257 -0.103822
-0.0555183 0.0550947 -0.101611
-0.0530323 0.0549958 -0.100833
0.00164763 0.0489722 -0.126141
-0.0057861 0.04961 -0.123935
-0.00565534 0.0495213 -0.123513
-0.0301595 0.0513072 -0.125217
-0.0198953 0.0510547 -0.120155
-0.0198906 0.0510232 -0.119369
-0.0350045 0.0520218 -0.121873
-0.0369717 0.0522932 -0.122274
-0.0376254 0.0521671 -0.121899
-0.0379608 0.0522349 -0.121127
-0.0422485 0.0529558 -0.119444
-0.0415951 0.0527013 -0.11889
-0.0365254 0.0525561 -0.11687
-0.0208792 0.0515904 -0.11218
-0.047685 0.0534826 -0.115454
-0.0487191 0.0536038 -0.115094
-0.0498587 0.0536416 -0.114776
-0.0340481 0.0528375 -0.111117
-0.0287768 0.052443 -0.109735
-0.033392 0.0529418 -0.110218
-0.0311833 0.0526909 -0.109184
-0.0534396 0.0542903 -0.113101
-0.0559156 0.0542411 -0.113227
-0.0576523 0.0546455 -0.112049
-0.0583559 0.0549644 -0.110657
-0.0575438 0.055053 -0.108714
-0.0465562 0.0543148 -0.104871
-0.0574097 0.0551999 -0.106853
-0.0567946 0.0550114 -0.106145
-0.0492481 0.0545964 -0.102606
-0.0539015 0.0553159 -0.100925
-0.00529141 0.0499831 -0.123948
-0.00511152 0.0498353 -0.123271
-0.00471738 0.0501151 -0.123004
-0.0361222 0.0524293 -0.122485
-0.0200788 0.0514918 -0.118914
-0.0200935 0.0515543 -0.118791
0.000958754 0.0501946 -0.113775
-0.0443383 0.0532547 -0.120037
-0.046643 0.0536078 -0.117999
-0.0472985 0.0538142 -0.116302
-0.0484002 0.0540981 -0.115727
-0.050604 0.0542405 -0.114535
-0.0317929 0.0531763 -0.109339
-0.0573696 0.055008 -0.112784
-0.0455506 0.0543414 -0.108999
-0.0538583 0.054809 -0.110357
-0.0559785 0.0551002 -0.109299
-0.0584421 0.0552171 -0.108873
-0.0470903 0.0548354 -0.105478
-0.0581702 0.0554603 -0.107138
-0.0581247 0.0555764 -0.105485
-0.0575339 0.0556451 -0.103841
-0.0562249 0.0555676 -0.102153
-0.0547591 0.0556087 -0.1012
-0.00424995 0.0500172 -0.127397
0.00228844 0.049643 -0.125481
-0.00597551 0.0499992 -0.126744
0.00294723 0.0496224 -0.12457
-0.00599981 0.0501528 -0.125675
-0.00490654 0.0501722 -0.123476
-0.0215493 0.0514138 -0.125846
-0.0282306 0.0517262 -0.126238
-0.0323755 0.0523249 -0.122953
-0.0330249 0.0526237 -0.122387
-0.035235 0.0525798 -0.122489
-0.0364685 0.0530077 -0.122048
0.00247188 0.0504179 -0.113414
-0.0468233 0.053998 -0.118746
-0.0223942 0.0524409 -0.111793
-0.0496154 0.054337 -0.115214
-0.028117 0.053193 -0.109816
-0.0440159 0.0544036 -0.112551
-0.0521031 0.0549424 -0.113584
-0.0539825 0.0548565 -0.113087
-0.0582448 0.0553397 -0.112229
-0.0586968 0.0555348 -0.11138
-0.0525074 0.0552725 -0.10955
-0.0544083 0.0553011 -0.109699
-0.0588333 0.0555242 -0.110428
-0.0520571 0.0551613 -0.108271
-0.053707 0.0555396 -0.108018
-0.058908 0.055835 -0.108544
-0.0482701 0.0553324 -0.104486
0.00155903 0.0500168 -0.125849
-0.00525841 0.0505991 -0.124932
-0.0206608 0.0516691 -0.125241
-0.0202967 0.0520939 -0.122035
-0.00191856 0.0508897 -0.116918
-0.035634 0.0532506 -0.12244
-0.000116648 0.0510575 -0.114555
-0.0364039 0.0532883 -0.121139
-0.0482684 0.054586 -0.117458
-0.0491675 0.0546144 -0.116029
-0.0506803 0.0549299 -0.114985
-0.0540824 0.0554219 -0.113143
-0.0472888 0.0550987 -0.109686
-0.0534311 0.0553995 -0.109639
-0.0540665 0.0556353 -0.108876
-0.058416 0.056438 -0.105673
-0.0572199 0.0563104 -0.103338
-0.0560462 0.0563624 -0.102104
